  0  0  0  0  0  0  0  0  0  0  0  0  0  0  0  0  0  0  0
  0  0  0  0  0  0  0  0  0  0  0  0  0  0  0  0  0 ¹é  0
  0  0  0 Èæ  0  0  0  0  0  0 Èæ  0  0 Èæ ¹é ¹é ¹é Èæ  0
  0  0  0  0  0  0  0  0  0  0  0  0  0 Èæ Èæ ¹é Èæ Èæ  0
  0  0  0  0  0  0  0  0  0  0  0  0 Èæ ¹é ¹é Èæ Èæ ¹é  0
  0  0 Èæ  0  0  0  0  0  0  0  0  0  0 ¹é Èæ ¹é ¹é Èæ ¹é
  0  0  0  0  0  0  0  0  0  0  0  0 Èæ  0 Èæ  0  0 ¹é  0
  0  0  0  0  0  0  0  0  0  0  0  0  0  0  0  0  0  0  0
  0  0  0  0  0  0  0  0  0  0  0  0  0  0  0  0  0  0  0
  0  0  0  0  0  0  0  0  0  0  0  0  0  0  0  0  0  0  0
  0  0  0  0  0  0  0  0  0  0  0  0  0  0  0  0  0  0  0
  0  0  0  0  0  0  0  0  0  0  0  0  0  0  0  0  0  0  0
  0  0  0  0  0  0  0  0  0  0  0  0  0  0  0  0  0  0  0
  0  0  0  0  0  0  0  0  0  0  0  0  0  0  0  0  0  0  0
  0  0  0  0  0  0  0  0  0  0  0  0  0  0  0  0  0  0  0
  0  0 ¹é  0  0  0  0  0  0  0  0  0  0  0  0 ¹é  0  0  0
  0  0  0  0  0  0  0  0  0  0  0  0  0  0  0  0  0  0  0
  0  0  0  0  0  0  0  0  0  0  0  0  0  0  0  0  0  0  0
  0  0  0  0  0  0  0  0  0  0  0  0  0  0  0  0  0  0  0
 Èæ °³¼ö:16 °³
 ¹é °³¼ö:15 °³