  0  0  0  0  0  0  0  0  0  0  0  0  0  0  0  0  0  0  0
  0  0  0  0  0  0  0  0  0  0  0  0  0  0  0  0  0  0  0
  0  0  0  0  0  0  0  0  0  0  0  0  0  0  0  0  0  0  0
  0  0  0 ¹é  0  0  0  0  0  0  0  0  0  0  0 Èæ  0  0  0
  0  0  0  0  0  0  0  0  0  0  0  0  0  0  0  0  0  0  0
  0  0  0  0  0  0  0  0  0  0  0  0  0  0  0  0  0  0  0
  0  0  0  0  0  0  0  0  0  0  0  0  0  0  0  0  0  0  0
  0  0  0  0  0  0  0  0  0  0  0  0  0  0  0  0  0  0  0
  0  0  0  0  0  0  0  0  0  0  0  0  0  0  0  0  0  0  0
  0  0  0  0  0  0  0  0  0  0  0  0  0  0  0  0  0  0  0
  0  0  0  0  0  0  0  0  0  0  0  0  0  0  0  0  0  0  0
  0  0  0  0  0  0  0  0  0  0  0  0  0  0  0  0  0  0  0
  0  0  0  0  0  0  0  0  0  0  0  0  0  0  0  0  0  0  0
  0  0 ¹é  0  0  0  0  0  0  0  0  0  0  0  0  0  0  0  0
  0  0 ¹é Èæ  0  0  0  0  0  0  0  0  0  0  0  0  0  0  0
  0  0 ¹é Èæ  0  0  0  0  0  0  0  0  0  0  0  0 Èæ  0  0
  0  0 ¹é ¹é Èæ  0  0  0  0  0  0  0  0 Èæ  0  0  0  0  0
  0  0  0 Èæ  0  0  0  0  0  0  0  0  0  0  0  0  0  0  0
  0  0  0  0  0  0  0  0  0  0  0  0  0  0  0  0  0  0  0
 Èæ °³¼ö:7 °³
 ¹é °³¼ö:6 °³